

texture bg terrain_England_background.png
texture dark ground2b.png
texture light ground1.png
background 1 bg
triangles dark 2 1 1 -40.95 -38.45 -37.85 -35.05 -32.5 -39.3 
triangles dark 2 1 0 
triangles light 4 0 5 -40.65 -35.35 -33.95 -34.55 -41.25 -41.1 -33.95 -34.55 -41.25 -41.1 -25.4 -44.45 -41.25 -41.1 -25.4 -44.45 -24.7 -53.8 -25.4 -44.45 -24.7 -53.8 -9.95 -44.4 -24.7 -53.8 -9.95 -44.4 -2.55 -58.25 
triangles light 4 0 3 -1.9 -69.1 12.8 -65.2 22.45 -68.2 12.8 -65.2 22.45 -68.2 27.45 -61 22.45 -68.2 27.45 -61 29.95 -66.7 
triangles light 4 0 2 27.2 -63.4 34.65 -57.75 45.5 -64.05 34.65 -57.75 45.5 -64.05 50.95 -56.75 
triangles light 4 0 2 41.8 -58.55 47.55 -52.2 57.3 -55.7 47.55 -52.2 57.3 -55.7 64.8 -49.5 
triangles light 4 0 2 43.95 -60.05 60.25 -51.3 68.25 -67.8 60.25 -51.3 68.25 -67.8 82.25 -54.7 


triangles light 4 0 8 85.5 -56.2 85.05 -49.45 103.3 -59.95 85.05 -49.45 103.3 -59.95 101.65 -40.9 103.3 -59.95 101.65 -40.9 113.2 -53.5 101.65 -40.9 113.2 -53.5 133.9 -45.15 113.2 -53.5 133.9 -45.15 134.9 -50.95 133.9 -45.15 134.9 -50.95 165.05 -44.3 134.9 -50.95 165.05 -44.3 189.2 -50.85 165.05 -44.3 189.2 -50.85 188.15 -36.6 
triangles light 4 0 1 74.85 -55.05 80 -50.45 89.05 -50.4 
triangles light 4 0 1 76.4 -54.35 86.75 -50.7 93.45 -63.3 
triangles light 4 0 1 72.95 -59.8 85.5 -64.55 100.15 -63.55 
triangles light 4 0 2 75.15 -60.55 98.65 -63.45 79.4 -55.1 98.65 -63.45 79.4 -55.1 97.25 -56.15 
triangles light 4 0 0 
triangles light 4 0 3 90 -62.55 99.1 -67.15 98.45 -53.85 99.1 -67.15 98.45 -53.85 111.65 -59.5 98.45 -53.85 111.65 -59.5 114.5 -48.75 
triangles light 4 0 7 78.1 -30.75 85.4 -37.6 92.2 -24.1 85.4 -37.6 92.2 -24.1 101.7 -34.05 92.2 -24.1 101.7 -34.05 113.6 -22.65 101.7 -34.05 113.6 -22.65 123.15 -32.4 113.6 -22.65 123.15 -32.4 138.45 -23.1 123.15 -32.4 138.45 -23.1 146.9 -35.3 138.45 -23.1 146.9 -35.3 153.05 -23.6 
triangles dark 2 1 5 83.35 -36.1 93.5 -51.1 103.25 -32.4 93.5 -51.1 103.25 -32.4 124.55 -45.7 103.25 -32.4 124.55 -45.7 133.45 -29.05 124.55 -45.7 133.45 -29.05 144.6 -47.45 133.45 -29.05 144.6 -47.45 147.75 -31.6 
triangles light 4 0 3 196.95 -36.55 198.5 -41.5 211.95 -34.3 198.5 -41.5 211.95 -34.3 219.3 -39.7 211.95 -34.3 219.3 -39.7 225.85 -34 

triangles light 4 0 2 -1.65 -45.95 8.55 -50.75 15.5 -45.4 8.55 -50.75 15.5 -45.4 22.7 -49.45 
triangles light 4 0 1 0.4 -68.4 -11.4 -65.8 -3.8 -69.75 
triangles light 4 0 1 -4.35 -69.45 1.75 -77.05 13.1 -67.25 
triangles dark 2 1 1 -17.95 -53.55 -12.65 -65.9 4.75 -70.75 
triangles dark 2 1 2 -16.45 -54.3 2.9 -69.9 -10.05 -44.4 2.9 -69.9 -10.05 -44.4 9.6 -47.95 
triangles dark 2 1 3 2.5 -69.4 8.15 -47.95 24.65 -65.5 8.15 -47.95 24.65 -65.5 22.35 -49.5 24.65 -65.5 22.35 -49.5 38.75 -58.25 
triangles dark 2 1 1 -24.85 -53.3 -11.05 -66.55 -2.8 -55.85 

